[1.670538707365665e-015;
  3.552713678800501e-015;
  1.547373340571312e-015;
  2.511879593214417e-015;
  1.897787482718627e-015;
  0.002261917180112845;
  -0.0121986446790084;
  -0.006964945564083593;
  0.003727527866155961;
  0.01273823281530408;
  0.01095529340931099;
  -0.01340812540111316;
  -0.002402720845704672;
  0.005020287100004739;
  -0.001681602432398739;
  0.008711798186142039;
  0.005176131250397379;
  0.004466196685820351;
  0.003905608634279495;
  -0.002633391753210923;
  -0.004912132252950556;
  -0.0008935779507574446;
  0.005538748095713017;
  0.001308982438581331;
  0.04293288824235625;
  0.004761592642291916;
  0.008164473387982568;
  0.01606298501054995;
  0.00578862283529008;
  -0.007753941015580537;
  -0.003151454424008621;
  -0.01482961534812889;
  0.001522278517632564;
  0.007504184264212441;
  -0.0001170634267135262;
  -0.006145644313105519;
  -0.002473158041836232;
  -0.01168113959865327;
  -0.003663264377567838;
  -0.005026972468144764;
  0.002345702504775629;
  -0.008911767469055594;
  0.00205902127376926;
  -0.01879845230466993;
  0.00914061064959254;
  0.003330415788235293;
  0.004544334927222837;
  0.0009437364275011254;
  -0.004915340034698616;
  -0.0094349045190915;
  -0.000415187191662357;
  0.006296103450506463;
  -0.0004307018446995372;
  0.001875221655102208;
  0.001602940764165728;
  -0.001648354800875045;
  0.001779522060514044;
  0.006120591833096156;
  -0.003000654143027623;
  -0.008367055588546613;
  0.0007976681339587344;
  0.02238781628991901;
  -0.005866296773307383;
  0.001876349891363788;
  0.0004799612325099636;
  -0.01525193850622244;
  0.01849154593524161;
  0.004899122230162922;
  0.001883917099553323;
  -0.005735909753667452;
  0.001338358612592683;
  0.005039601784791681;
  0.0205183814041717;
  -0.00461456928374511;
  0.006164033047492485;
  0.002759145167702787;
  -0.007345347770494094;
  -0.008830330779455275;
  0.01275401718617034;
  -0.02120364312096412;
  0.004521969082238283;
  0.007452564117622712;
  0.01034128948529861;
  0.001607362552110941;
  0.003544200328685188;
  0.01032023537752541;
  -0.005980360165536686;
  0.001218775812164764;
  0.00486138644816965;
  -0.00924306970150586;
  0.02059085667416587;
  0.0002701887384103921;
  -0.002533738332773539;
  -0.002189239016465887;
  0.009405930668608857;
  0.06256157410724308;
  0.005924344658086528;
  0.003960938191397867;
  0.07063301427775734;
  0.09304640498667688;
  0.007753961173113163;
  0.01168980749344831;
  0.003924852514171452;
  0.01102293901367869;
  0.07831370913790989;
  0.006312885164477844;
  -0.01075452554625575;
  0.007363248044737369;
  0.01178987795223878;
  0.02583228457760275;
  0.008517489500892039;
  0.0007667431820479742;
  0.002728520390766612;
  0.003741465265111321;
  0.01079222648030389;
  0.008916928521944992;
  0.08798794982868698;
  0.08124518493874866;
  0.002855187762736688;
  -0.0002729639610569157;
  0.00301871389866867;
  -0.01350140558884935;
  0.07239397762987013;
  0.0295481658303086;
  0.004103574339427433;
  0.005936882420227677;
  0.02799278811711298;
  0.02776252256167275;
  0.03620970132773901;
  -0.002652778742615422;
  0.008069011651040917;
  0.03552440814434074;
  0.1002916891116431;
  0.006892451418544027;
  0.01183657063527503;
  0.01104719855257265;
  -0.01153463733992441;
  0.006739652996193918;
  -0.003846499615403551;
  0.008977495341714048;
  0.07937190469304957;
  0.07446786944969278;
  0.0136423080389044;
  0.0159984762871553;
  -0.01578162143401951;
  0.01445819986808399;
  0.004241261216049272;
  0.03840167355641427;
  0.002558538608842656;
  0.03742908697167766;
  0.05981767976952004;
  -0.1205515884767317;
  0.01244765460594549;
  0.01931927248602661;
  0.003546347463194793;
  0.08007674898606663;
  0.05486908750595144;
  -0.00135619506023435;
  0.001204366811326296;
  -0.1018685034409935;
  0.07743288776594721;
  -0.0129683412977514;
  -0.009037332116290764;
  -0.002970597823935023;
  0.007597446791445611;
  0.02876909091518345;
  0.008719191317459657;
  0.05618663927500042;
  0.02577579582978043;
  0.03205303853032508;
  -0.00436474123093232;
  0.01078021253549549;
  0.0298868754558036;
  0.0279035785508101;
  -0.003937639660214459;
  0.006633765059633118;
  -0.006875848859502903;
  0.07296880783730979;
  0.03429147637798616;
  0.001252340292015486;
  0.03490205634991572;
  -0.05046343435430603;
  0.004386020665540363;
  0.006526722330871704;
  0.005459213694391923;
  -0.0079324051643751;
  0.003806836129371438;
  0.04201708859931538;
  0.02169605286600153;
  -0.005761706100143066;
  0.04848337437796593;
  0.0008743616653752173;
  -0.001457299401431467;
  -0.0003770245850781839;
  0.07872653981442132;
  0.003169543842946709;
  0.03739752552838925;
  0.005887566271758821;
  0.05582354016808548;
  0.001329729972880722]
----------------------------------------------
[-2.3374816954108e-016;
  -1.494435370855999e-014;
  2.749720567858848e-015;
  -2.425571901282613e-015;
  3.32784638327423e-015;
  -3.193257449771853e-015;
  1.787019027163021e-014;
  1.175237861004648e-014;
  -2.007952273409679e-014;
  -5.247916932848189e-015;
  -1.707445308695944e-014;
  2.307179406421488e-014;
  1.119143669965209e-014;
  -2.134546720115405e-014;
  9.100778843995131e-015;
  6.488593855088145e-015;
  -4.658818192175786e-015;
  -1.65682286463675e-014;
  -8.894544879677996e-015;
  1.586705829096436e-015;
  1.273148243562853e-014;
  7.148992339672287e-015;
  8.510437783731419e-015;
  5.281945565329759e-015;
  -1.552745549238496e-014;
  8.866756475002656e-015;
  -6.489864732042136e-015;
  -3.212349624539146e-015;
  -1.601592053080281e-014;
  9.741558162574743e-015;
  1.192436806130674e-014;
  2.379261578327756e-014;
  -9.527467518803393e-016;
  3.505891548449931e-015;
  -2.664333345865809e-015;
  5.495225910175782e-015;
  2.381250238942485e-015;
  8.129342389701217e-015;
  1.038919102029614e-014;
  5.121496275140147e-015;
  8.581919961191386e-015;
  1.305201342680144e-014;
  5.413253608481995e-015;
  3.128127539706658e-014;
  -1.102377699968385e-014;
  -1.517421986996675e-015;
  -1.884686546752244e-014;
  1.03373124961822e-014;
  1.021066922273442e-014;
  1.125316856490019e-014;
  2.045611185291464e-015;
  5.668494495832889e-015;
  1.11681680940519e-014;
  3.354710656799884e-015;
  -1.829871118999779e-014;
  4.573542866888948e-015;
  -2.057609708611831e-014;
  -9.632936175924774e-015;
  1.438663252690032e-015;
  1.269396369367886e-014;
  -9.941060231141589e-015;
  -8.313903721442822e-015;
  7.508616679303134e-015;
  -4.135174669934463e-015;
  9.40063219745241e-015;
  2.88774055857611e-014;
  -2.871884553490288e-015;
  -7.131230708797717e-015;
  7.444336044560831e-015;
  8.384051645871278e-015;
  -2.136697740662652e-014;
  -1.744002565227901e-014;
  -4.047672411453865e-015;
  8.462822634249819e-015;
  1.398750703100645e-015;
  -2.090274311983343e-014;
  1.355958955182058e-014;
  6.325464865869298e-015;
  -2.379308822528488e-016;
  1.368105228328347e-014;
  4.811694239855302e-015;
  -1.016475458974658e-014;
  3.356327636017076e-016;
  -6.021504316314861e-015;
  -1.167673661483793e-014;
  2.572877793259444e-015;
  1.251959188546081e-014;
  -1.475294617926415e-015;
  7.738434843622107e-015;
  1.219161847129397e-014;
  1.765590158516847e-015;
  1.014975246203189e-014;
  4.315633913236847e-015;
  6.807438797393467e-015;
  -3.419817471730097e-015;
  -3.051854035037842e-014;
  -1.5520731932249e-014;
  -7.676258297733805e-015;
  -4.517944025923246e-014;
  -5.82426490197469e-014;
  5.965179088595999e-016;
  2.768763940804716e-015;
  -7.770150524575954e-016;
  -6.678849381426251e-015;
  -4.772247527221952e-014;
  -1.336002611307722e-015;
  7.238349125185148e-015;
  6.254368648366003e-015;
  1.224150269560036e-015;
  -1.062387622128807e-014;
  -8.841668064240698e-015;
  -7.447325326364155e-015;
  -6.167346761339024e-015;
  -4.826536123655419e-015;
  -3.739503295281128e-015;
  -6.188035374616722e-015;
  -5.593125894322955e-014;
  -5.046277824443912e-014;
  3.075840825280475e-014;
  3.110138884756871e-014;
  -9.570017099060988e-016;
  4.43096194675945e-014;
  -4.766311322523973e-014;
  -6.398076653213e-015;
  6.497655294257433e-015;
  4.252672846242167e-015;
  -4.461936285456462e-015;
  1.910363574103437e-015;
  -1.77132023381113e-014;
  1.494110988677957e-014;
  -6.783352564198147e-015;
  -1.076406151524647e-014;
  -6.053169434316076e-014;
  1.342840577935737e-014;
  6.399374497774629e-015;
  4.48890882795421e-015;
  2.89748809110228e-014;
  -1.774545717770219e-014;
  4.690905000923016e-015;
  -1.742817375176397e-014;
  -4.723431238257257e-014;
  -4.827193573817213e-014;
  1.50906987990254e-014;
  1.596018112610145e-015;
  1.050652621589399e-014;
  -1.416547664599519e-014;
  3.460435353849077e-015;
  -1.729253016715756e-014;
  -9.353511735123522e-015;
  -1.935422408167198e-014;
  -2.69335330766272e-014;
  1.106089687100211e-013;
  1.434021552069082e-014;
  8.572799735711815e-015;
  1.052381830709061e-014;
  -4.708247191785443e-014;
  -2.670416227629669e-014;
  2.563195191551296e-014;
  1.396547244381875e-014;
  9.405170493315461e-014;
  -4.798366243629941e-014;
  3.773519462450353e-014;
  2.276985770659205e-014;
  1.888127668655726e-014;
  -1.212786831207837e-014;
  6.859035089630741e-015;
  1.494102661194156e-014;
  -1.986179482686559e-014;
  -5.375311412789534e-015;
  -9.964311252488479e-015;
  1.773041278551822e-014;
  -6.410902157488073e-015;
  -1.083209087889079e-015;
  -3.574474872505171e-015;
  2.326954313787602e-014;
  1.261461645666264e-014;
  1.742751325763497e-014;
  -4.586567616334434e-014;
  -1.273095765989518e-014;
  2.178446933335771e-014;
  1.196010207301901e-015;
  4.021942461697461e-014;
  2.752567869290701e-014;
  1.148064753858597e-014;
  -1.7658208682924e-014;
  4.721267371331678e-014;
  -9.677876168127659e-015;
  -1.333750047214597e-014;
  -1.303350508501451e-015;
  9.375708935413739e-017;
  -2.589099407288656e-014;
  -1.154274191858707e-014;
  -3.649205525835444e-015;
  -9.511508062445833e-015;
  -4.699939378383747e-014;
  -1.317349033732833e-014;
  -9.857945904647668e-015;
  7.06987245705658e-015;
  -3.163332805132098e-014;
  -1.228532178815956e-014]
----------------------------------------------
[2.027172295792618;
  2.080952084875539;
  2.03096088800907;
  2.015574948346527;
  2.001583432599578;
  2.024721632603596;
  2.018307946736677;
  2.002834069321092;
  2.066296987209933;
  2.01029573416611;
  2.014862252308778;
  2.024412781240676;
  2.000655634072642;
  2.043699123235314;
  2.000036098386384;
  2.002572884625502;
  2.020782060287611;
  2.062248292331065;
  2.024741591673319;
  2.007078979934045;
  2.003493688227451;
  2.000265914427906;
  2.002060539542166;
  2.032828672893898;
  2.032680696855953;
  2.001431219999719;
  2.016058647238041;
  2.005080224875074;
  2.055173451300878;
  2.006717740263956;
  2.001948984028783;
  2.016471319543181;
  2.003842623270209;
  2.002471519439387;
  2.010234861182634;
  2.009751514400948;
  2.004976086510184;
  2.046301256992729;
  2.000582230678988;
  2.007243188720566;
  2.00051260889832;
  2.005728322189692;
  2.000582595166114;
  2.036658227320255;
  2.00779508321872;
  2.003245649602409;
  2.070744706055248;
  2.001371442784896;
  2.001286170631089;
  2.010277963394592;
  2.027684240424478;
  2.001965674967051;
  2.003081444980525;
  2.001304596153937;
  2.083814352314086;
  2.00170627063739;
  2.053059850243263;
  2.01176673313779;
  2.010276346258489;
  2.008664036852918;
  2.026465203671153;
  2.021432791571077;
  2.004878751550305;
  2.008102221097952;
  2.000145646821411;
  2.033288046221856;
  2.005212793569513;
  2.020697779063674;
  2.00041097363439;
  2.003024278363498;
  2.075120684644586;
  2.037225803976516;
  2.032322567893028;
  2.001469769045745;
  2.00205709852813;
  2.04596884786062;
  2.004453699980434;
  2.031771699970595;
  2.031950913889074;
  2.060712899428219;
  2.001393305059475;
  2.008838842378202;
  2.003776266234906;
  2.016185395333087;
  2.021620343164949;
  2.003698237219649;
  2.001849250912157;
  2.004811534091326;
  2.001316041023061;
  2.007661501872158;
  2.025476242405084;
  2.000566237916314;
  2.002898823142504;
  2.000836181912656;
  2.004144438566363;
  2.020538581585556;
  2.024806869344302;
  2.025040121995769;
  2.006892088853271;
  2.017882322743507;
  2.003215012409002;
  2.003722706305005;
  2.002704249845826;
  2.01439872658773;
  2.013380803888605;
  2.002885154712722;
  2.040291368566311;
  2.002267618012417;
  2.037780202728492;
  2.017577953299798;
  2.005919503289356;
  2.02050786595268;
  2.013073566009887;
  2.00590172238397;
  2.005424803335052;
  2.004290183435529;
  2.013666576186448;
  2.01234049736771;
  2.045838563390313;
  2.036046260766313;
  2.022386418654548;
  2.067717413802925;
  2.005351452589678;
  2.035653797198751;
  2.001066420426234;
  2.023540433289704;
  2.017637028428717;
  2.05879610193085;
  2.016732011327646;
  2.053001016219199;
  2.004804831434926;
  2.033123336570258;
  2.02768914454879;
  2.057803542034843;
  2.045681821263185;
  2.041320025128194;
  2.07567536952461;
  2.02946543449962;
  2.004637779487021;
  2.021757615653329;
  2.016329244980279;
  2.006516624903191;
  2.075480502500844;
  2.03928220046834;
  2.038578647308378;
  2.006827010044681;
  2.036874545670378;
  2.020001063010664;
  2.017399668739703;
  2.012651107512139;
  2.021880540646257;
  2.089427120476922;
  2.069840754890829;
  2.06331720787921;
  2.048848096772878;
  2.01669680708822;
  2.022353947218579;
  2.080978707121553;
  2.054493791711682;
  2.084423972277169;
  2.011145023589533;
  2.097687354361388;
  2.065250485246374;
  2.06073249810104;
  2.014775855720653;
  2.079139956796041;
  2.063843147569113;
  2.048698808596389;
  2.03285348211744;
  2.030334313885916;
  2.058464577261411;
  2.004372190620886;
  2.052403902701112;
  2.041595666197988;
  2.070233807025757;
  2.009986147545823;
  2.057183524951782;
  2.00842117322266;
  2.025700380759961;
  2.0729617973897;
  2.072128031675824;
  2.074068083292851;
  2.039519381132516;
  2.052943627573059;
  2.033935281001087;
  2.085583676442985;
  2.01767413106437;
  2.037228578493717;
  2.038765848489304;
  2.029139732940712;
  2.012257945877527;
  2.035243211433189;
  2.019433118695891;
  2.030252850281825;
  2.014810926253946;
  2.027170919797345;
  2.017589942652186;
  2.043992592639497;
  2.01093280189025;
  2.031359862247563]
----------------------------------------------------------------
[0.6647926305778174;
  0.6216751665458135;
  0.666753602935947;
  0.638184420769802;
  0.6496720413306636;
  0.6625959069021805;
  0.6442652872270329;
  0.6479681412461853;
  0.6279079340818219;
  0.6562354694484955;
  0.6466609976139343;
  0.6481167481389005;
  0.6505252021719405;
  0.638624610819887;
  0.6510285534684319;
  0.6536964054749892;
  0.6611509474598498;
  0.6243987059625152;
  0.6344010327677903;
  0.6439848553232148;
  0.648419729618958;
  0.6508072170707167;
  0.6520418081100623;
  0.6669093902642582;
  0.6560885630414166;
  0.6528798438273591;
  0.6577240532249038;
  0.6530961350117255;
  0.625328944689464;
  0.6447075547391542;
  0.6493481773335793;
  0.6494206457648104;
  0.6478553303280467;
  0.6535537628805357;
  0.6420053857958127;
  0.6426023911432681;
  0.6457780832237439;
  0.6314611546210966;
  0.6496351880421497;
  0.6437199017498345;
  0.6528254471858973;
  0.646200625540585;
  0.6518611436429004;
  0.6534633805692206;
  0.6459182663222637;
  0.6493388590116758;
  0.6235295141205384;
  0.6508652124425742;
  0.6488238850125927;
  0.6431738194520822;
  0.6656984335930286;
  0.6536017764997686;
  0.6496472570773664;
  0.6511632772141801;
  0.6224286575684859;
  0.6486963125359033;
  0.6385532377956948;
  0.6406544249153205;
  0.6415156765662999;
  0.6447301830949059;
  0.6371907436638493;
  0.6575174649394864;
  0.6455358904689729;
  0.6433949422451069;
  0.6516973962753037;
  0.6539175093354219;
  0.6527722820166568;
  0.6341212339091735;
  0.6524021272455827;
  0.64711768447267;
  0.6299330573075401;
  0.6352563070959605;
  0.6612963708918348;
  0.6486949526217165;
  0.6523854449843678;
  0.6418300487573361;
  0.6477444871433643;
  0.6341450298047821;
  0.663182304623299;
  0.6286228135378598;
  0.6530348474183363;
  0.64385833766775;
  0.6535282839501984;
  0.638490363479633;
  0.6387562936309884;
  0.6541181926942392;
  0.6489519839426257;
  0.6463323155866274;
  0.6535837602056236;
  0.644388589064387;
  0.6531874106099147;
  0.6511071619043169;
  0.6471407908095993;
  0.6490312480188275;
  0.6519531306978198;
  0.6504259817646627;
  0.6388761281043649;
  0.6332808564748362;
  0.6389344942212786;
  0.6413441167106486;
  0.6530827800837742;
  0.654259252719144;
  0.6503910334732519;
  0.6576167462404694;
  0.6426441209395908;
  0.6514551408359517;
  0.6316861838412754;
  0.6539389489875425;
  0.6654395768829058;
  0.6553650141662224;
  0.6473689794874926;
  0.6380879811232814;
  0.6394788125243155;
  0.6461701354589577;
  0.6530643416857744;
  0.6496747344009204;
  0.6397149228277896;
  0.6409376396852098;
  0.670226210262209;
  0.6689121485967183;
  0.6621507793947661;
  0.6772832708283483;
  0.637637657783499;
  0.6598278258233913;
  0.6530307878982651;
  0.6617534000513143;
  0.6514831317828133;
  0.6649153840211642;
  0.6528280908991906;
  0.6728408469169309;
  0.6488709914875687;
  0.6577382537636514;
  0.6436768649797436;
  0.6707130495201625;
  0.6669679249675284;
  0.6663781126764724;
  0.6793159889303218;
  0.6377655872694511;
  0.6456801113135502;
  0.6397163515068399;
  0.6436577337340586;
  0.6386718547515411;
  0.6714234398954413;
  0.6643782911022085;
  0.6334605724940761;
  0.6467011907077298;
  0.6669040532263103;
  0.6536624479859081;
  0.6402431077054878;
  0.6510752089055669;
  0.6521840696002355;
  0.6568571695757297;
  0.6710749281379326;
  0.667690987618928;
  0.6704209441887279;
  0.6434377728709526;
  0.6506688261063205;
  0.6766041703925918;
  0.6721433061082707;
  0.6525035285771104;
  0.6412693535579621;
  0.6827007477976079;
  0.6775245841657838;
  0.6743008408281872;
  0.638854173680529;
  0.6678122615536051;
  0.6707021934955915;
  0.656926023764645;
  0.6603574079616119;
  0.6578264600540094;
  0.6745422302751951;
  0.6506096795463716;
  0.6631764740445603;
  0.6615463979512123;
  0.6761706138849744;
  0.6590459585390989;
  0.6755565989817645;
  0.6397083908350889;
  0.6559876607489343;
  0.67509586801182;
  0.6651995460601444;
  0.6335805473495011;
  0.6699228352056348;
  0.6690984660992421;
  0.6368321269108463;
  0.6791592904596273;
  0.6394593313652262;
  0.6574724665935786;
  0.6625641440853733;
  0.6335476435421887;
  0.6483996968576785;
  0.6342252229049203;
  0.6376605915437359;
  0.6356941867370898;
  0.6426716933615271;
  0.6377548543094158;
  0.6553299239716645;
  0.6683423324169933;
  0.6459398786343895;
  0.6356404563260432]
----------------------------------------------------------------
