460.476471 179.903976
493.112518 187.060684
523.815613 193.650299
552.830017 199.903275
580.348511 205.851257
606.298950 211.525711
630.973938 216.955765
449.390503 220.879456
482.089783 226.752884
512.901245 232.180573
541.878906 237.303894
569.595886 242.211380
595.647522 246.891098
620.414612 251.363953
438.504120 261.107971
471.331177 265.750244
502.161316 270.050262
531.290955 274.126801
558.868164 278.050018
585.171814 281.748901
609.885925 285.251160
427.760803 300.785278
460.609558 304.055054
491.556702 307.254150
520.730225 310.318542
548.364807 313.241730
574.701172 316.044403
599.622620 318.631775
417.258606 339.669525
450.136871 341.866486
481.088684 343.853424
510.413635 345.973755
538.041992 347.927307
564.457458 349.783447
589.505920 351.568909
406.782990 378.136383
439.741547 379.127533
470.815552 380.020264
500.132446 381.093872
527.948730 382.072418
554.284058 383.092865
579.430115 383.971252
396.590118 415.918579
429.665741 415.860321
460.712830 415.702881
490.162354 415.653625
517.944214 415.801758
544.325195 415.860260
569.514832 416.008972
386.566589 453.039825
419.686676 451.831177
450.831726 450.801880
480.210938 449.653717
508.155579 448.937775
534.526550 448.165192
559.812866 447.381134
376.806305 489.432495
409.888123 487.339844
441.021149 485.299591
470.544464 483.216461
498.387085 481.609192
524.879150 480.064606
550.035217 478.455505
