403.181885 173.509094
426.628082 180.333878
448.414948 186.646378
468.833435 192.588257
487.965485 198.123413
505.931763 203.244064
522.826843 208.093185
403.612427 210.387405
427.191803 215.864105
449.062042 220.984467
469.552826 225.837906
488.769836 230.330444
506.816193 234.515350
523.789429 238.510056
404.050476 247.564743
427.758972 251.826385
449.740356 255.705124
470.290253 259.389862
489.567871 262.851593
507.646179 266.072296
524.684021 269.140808
404.401825 285.220795
428.291443 288.107605
450.344238 290.830475
470.989716 293.319885
490.357269 295.691467
508.521973 297.978394
525.586304 300.132599
404.880280 323.258087
428.823822 324.837891
451.015839 326.247253
471.777710 327.584656
491.176086 328.870453
509.391541 330.171692
526.548523 331.371887
405.302338 361.810486
429.329926 361.955658
451.653717 362.101837
472.468903 362.241547
492.013641 362.420685
510.284943 362.690033
527.424561 362.927124
405.809357 400.712555
429.993408 399.529144
452.384918 398.366333
473.326355 397.225250
492.856567 396.367706
511.210876 395.588898
528.420105 394.837311
406.338867 440.103485
430.599365 437.490051
453.110657 435.042999
474.079285 432.648804
493.733276 430.655243
512.103882 428.825256
529.398743 426.989105
406.868347 479.810822
431.199646 475.849030
453.788300 472.052063
474.867828 468.420441
494.536743 465.254272
513.021362 462.309662
530.298950 459.455353
